11
11
27
25
27
11
16
56
37
11
34
11
24
11
11
11
11
10
11
11
10
11
10
11
11
11
10
11
11
10
11
10
11
11
10
10
11
10
10
10
11
11
11
10
11
10
11
11
10
11
12
11
11
11
11
10
10
11
11
10
11
10
11
10
11
10
11
10
11
11
10
10
11
10
11
10
10
10
10
10
11
11
10
11
10
11
11
10
10
10
11
11
11
10
10
11
11
11
11
10
10
11
10
10
11
10
10
11
10
10
10
10
10
10
10
10
10
11
10
10
10
10
11
10
10
11
10
11
10
11
11
10
10
11
11
11
10
10
11
11
11
12
11
11
10
10
10
10
10
10
10
10
11
10
11
10
10
11
11
11
11
11
11
11
10
11
10
11
11
11
11
10
10
10
11
10
10
11
10
10
10
10
11
11
10
10
11
10
10
11
10
11
11
11
10
10
10
11
11
10
10
11
11
11
10
10
11
10
10
11
11
10
10
10
11
10
10
10
11
11
10
10
11
10
11
11
10
11
11
10
10
11
11
11
11
10
11
11
11
10
10
11
11
11
11
10
11
11
11
11
11
11
11
11
10
10
11
11
11
10
11
11
11
10
10
10
11
11
10
11
11
10
11
11
10
11
11
11
10
10
11
10
11
10
11
11
11
10
11
10
10
10
10
11
10
10
11
10
11
