[connect_to_the_server] waiting for new connections ..
accept succeeded on socket 5 4 ..
[client] connect_to_the_server sending_fd=3 fd=5
RESULT: 11054026 and latency=11.054us 
11
11
27
25
27
11
16
56
37
11
34
11
24
11
11
11
11
10
11
11
10
11
10
11
11
11
10
11
11
10
11
10
11
11
10
10
11
10
10
10
11
11
11
10
11
10
11
11
10
11
12
11
11
11
11
10
10
11
11
10
11
10
11
10
11
10
11
10
11
11
10
10
11
10
11
10
10
10
10
10
11
11
10
11
10
11
11
10
10
10
11
11
11
10
10
11
11
11
11
10
10
11
10
10
11
10
10
11
10
10
10
10
10
10
10
10
10
11
10
10
10
10
11
10
10
11
10
11
10
11
11
10
10
11
11
11
10
10
11
11
11
12
11
11
10
10
10
10
10
10
10
10
11
10
11
10
10
11
11
11
11
11
11
11
10
11
10
11
11
11
11
10
10
10
11
10
10
11
10
10
10
10
11
11
10
10
11
10
10
11
10
11
11
11
10
10
10
11
11
10
10
11
11
11
10
10
11
10
10
11
11
10
10
10
11
10
10
10
11
11
10
10
11
10
11
11
10
11
11
10
10
11
11
11
11
10
11
11
11
10
10
11
11
11
11
10
11
11
11
11
11
11
11
11
10
10
11
11
11
10
11
11
11
10
10
10
11
11
10
11
11
10
11
11
10
11
11
11
10
10
11
10
11
10
11
11
11
10
11
10
10
10
10
11
10
10
11
10
11

