[connect_to_the_server] waiting for new connections ..
accept succeeded on socket 5 4 ..
[client] connect_to_the_server sending_fd=3 fd=5
RESULT: 30136 and latency=60.272us 
1616
60
58
60
35
12
12
11
11
21
12
72
12
12
69
20
123
19
122
75
41
57
77
150
72
71
71
74
72
73
72
72
72
80
16
13
48
72
74
73
71
17
72
71
74
72
17
71
71
72
105
97
70
71
13
14
71
14
13
72
17
71
71
71
71
71
71
94
74
72
13
13
70
13
13
14
15
17
77
119
72
73
71
72
66
156
22
97
16
72
13
13
21
16
17
18
15
14
13
14
78
120
72
16
14
13
13
70
13
13
16
78
81
17
72
16
13
15
13
13
13
21
121
15
15
21
119
13
13
22
119
13
13
15
13
13
14
14
13
20
21
118
73
72
97
15
13
14
13
14
16
77
120
19
124
16
16
13
14
14
13
13
71
21
66
62
73
16
16
74
81
78
76
75
23
75
18
22
13
80
16
15
16
19
22
121
67
122
76
17
16
76
17
25
17
23
14
78
123
74
75
75
15
19
14
23
86
74
14
16
20
16
15
72
15
16
13
13
14
78
64
15
21
76
73
75
76
74
16
16
75
34
20
17
15
72
17
18
78
120
19
75
78
15
13
16
75
73
76
19
18
18
18
18
72
77
74
77
97
66
16
22
15
16
17
15
79
123
16
13
78
128
84
19
17
15
20
14
78
122
76
17
15
15
74
74
20
72
77
18
16
15
16
79
122
76
75
14
14
18
13
13
15
18
20
21
121
74
77
75
74
14
16
16
15
16
13
13
75
77
78
73
21
74
15
16
13
75
20
19
122
13
13
24
120
15
16
15
16
15
16
15
79
119
75
18
20
81
121
16
15
18
19
74
73
75
14
14
75
16
22
65
15
22
15
74
49
69
15
72
75
20
18
74
73
18
18
18
18
73
18
18
18
18
18
73
75
72
19
73
73
16
94
62
13
21
70
13
15
15
13
13
73
14
13
72
15
13
73
72
73
75
104
75
16
13
17
73
71
72
72
15
13
16
13
13
16
13
13
74
13
13
71
72
72
73
77
74
19
73
13
16
18
72
76
73
72
13
16
15
13
14
15
13
72
72
13
13
74
72
68
74
74
78
68
16
13
13
15
22
119
3084
68
15
21
16
15
74
15
13
73
74
31
121
2873
110
25
75
116
61
26
16
79
76
18
16
22
17
17
16

