[connect_to_the_server] waiting for new connections ..
accept succeeded on socket 5 4 ..
[client] connect_to_the_server sending_fd=3 fd=5
RESULT: 16172004 and latency=16.172us 
13
15
19
16
19
64
72
14
14
13
15
15
15
15
15
15
14
15
15
15
15
15
15
15
13
14
15
15
15
14
15
75
15
15
15
15
13
15
14
14
14
15
14
14
15
15
15
15
15
14
15
15
14
15
15
14
15
13
15
15
15
15
14
14
14
13
14
14
15
13
15
15
15
15
14
15
13
14
15
13
14
15
14
15
15
14
15
15
15
14
15
15
15
15
17
15
15
15
15
14
15
15
15
14
15
13
14
14
15
15
15
15
15
14
15
15
15
14
15
14
15
14
14
15
14
15
14
14
15
14
13
13
15
15
15
14
14
15
14
14
15
15
14
15
15
15
14
15
15
15
15
15
15
14
14
15
14
15
15
15
16
15
15
15
15
15
15
14
16
15
15
14
15
15
14
15
15
15
13
15
14
14
15
15
14
15
14
15
15
15
13
15
14
15
15
14
14
15
14
14
15
15
14
15
14
15
14
15
14
15
14
15
14
15
15
15
15
15
15
15
15
14
15
15
15
14
15
17
15
14
15
14
14
15
15
15
14
15
15
14
14
15
15
15
15
15
15
15
15
15
15
15
14
14
13
15
14
14
14
14
15
14
15
14
15
14
14
15
15
14
14
15
14
15
15
14
15
14
14
15
14
15
15
15
13
15
15
15
13
15
15
15
14
15
18
15
14
14
15

