[connect_to_the_server] waiting for new connections ..
accept succeeded on socket 5 4 ..
[client] connect_to_the_server sending_fd=3 fd=5
RESULT: 46095456 and latency=46.0955us 
13
22
123
39
18
74
122
14
13
70
75
65
13
13
13
13
20
13
21
14
20
14
19
121
14
14
16
13
21
16
72
16
55
73
72
17
72
16
17
71
16
72
71
15
14
13
13
73
15
13
12
20
123
13
13
22
15
73
45
15
13
13
13
20
121
15
14
13
13
12
15
20
14
13
71
13
13
71
16
19
122
17
14
15
13
22
120
72
17
44
73
73
72
15
13
13
14
78
119
13
13
23
65
71
15
14
12
13
70
13
13
70
21
91
74
73
71
15
13
13
13
16
70
77
119
71
15
13
14
71
14
13
17
13
12
22
119
40
18
73
16
14
14
13
70
15
16
77
119
72
73
16
14
12
14
13
13
13
73
13
14
73
16
75
49
72
72
13
13
17
71
16
72
71
72
15
16
74
72
72
72
72
73
18
71
16
72
71
13
13
70
14
20
72
13
13
74
13
14
14
13
72
16
75
122
16
72
38
19
17
16
16
72
13
13
72
72
72
15
14
13
17
73
71
17
72
16
72
71
72
72
21
13
13
14
12
13
22
14
15
13
14
16
13
72
21
124
16
71
71
15
14
15
13
71
13
14
21
72
17
72
73
74
14
13
69
13
13
20
16
15
13
12
71
13
12
71
14
12
12
71
13
14
16
73
72
14
13
17
13
13
20
120
52
17
13
13
13
71

