77
74
72
72
71
73
72
72
20
25
109
79
75
19
75
73
73
75
72
75
18
75
72
77
75
20
18
17
19
74
73
72
72
109
111
58
75
77
122
24
108
113
78
74
19
18
18
74
17
15
73
72
76
76
18
73
69
73
72
78
18
16
16
15
72
71
17
18
17
72
73
19
75
17
73
71
71
35
76
23
74
75
75
16
72
71
72
72
15
17
72
73
18
72
71
26
73
72
76
76
73
71
72
72
71
71
72
72
71
50
72
71
16
17
75
76
72
74
17
17
16
72
72
73
74
74
17
72
74
72
74
72
71
72
76
73
71
72
72
71
72
65
72
71
72
15
17
74
76
74
72
18
71
72
72
71
71
74
74
72
18
75
18
19
73
15
71
73
75
20
74
73
73
71
18
18
62
79
21
74
21
74
72
73
18
73
19
74
18
16
72
71
72
71
75
79
112
77
74
22
122
109
79
20
158
80
64
78
123
19
22
73
73
74
19
17
72
72
71
71
72
72
62
74
74
18
72
19
73
72
71
72
72
74
19
18
19
73
71
71
29
78
74
18
16
72
72
73
72
74
74
74
19
16
72
73
73
33
76
76
100
72
73
74
72
19
72
72
19
74
98
73
75
73
72
17
17
17
19
74
73
78
17
72
17
16
72
72
73
75
19
17
52
76
73
71
74
61
60
77
77
122
75
73
16
73
63
125
108
113
21
73
77
126
147
73
72
57
74
72
75
71
72
72
71
71
71
15
71
71
15
72
71
29
73
19
74
18
17
72
71
71
72
71
15
71
71
71
71
15
17
71
28
78
78
21
17
72
72
71
72
71
73
74
75
72
72
73
75
16
17
73
19
72
73
18
18
75
73
71
17
75
54
74
75
17
74
72
16
16
72
73
73
74
19
73
20
73
75
73
72
17
73
17
17
66
72
72
71
73
75
109
22
75
77
122
18
72
16
18
73
31
78
74
19
16
15
16
72
71
71
72
71
71
72
15
73
72
72
21
116
80
75
75
74
75
17
73
17
73
19
74
17
17
72
71
63
72
73
75
20
74
18
17
16
72
72
71
72
73
19
18
19
74
17
17
72
29
71
73
75
76
73
71
71
72
72
72
16
72
72
71
37
75
74
74
72
71
72
72
72
72
16
72
71
72
72
39
73
19
74
18
17
74
17
72
71
72
71
72
72
72
72
71
50
73
72
16
73
75
74
73
71
71
71
72
72
72
72
35
72
72
72
72
71
72
71
71
71
15
71
72
71
71
48
74
74
75
73
73
71
71
71
71
73
17
21
73
16
72
66
78
20
18
72
17
73
71
72
17
76
21
75
20
75
19
17
72
72
71
33
76
74
19
74
17
17
72
71
71
72
73
79
74
18
16
72
72
23
72
73
22
73
19
73
71
71
73
73
16
72
73
17
77
18
17
17
62
72
71
73
19
74
75
73
72
73
72
73
72
71
72
31
72
72
72
71
72
72
71
71
72
72
71
72
71
63
72
73
73
72
75
72
72
71
72
72
72
72
72
16
39
72
73
76
75
74
19
73
72
72
72
72
72
71
72
29
72
71
72
72
71
72
71
72
71
72
72
71
72
62
72
71
71
72
72
71
72
71
71
16
16
73
75
21
73
73
73
18
16
17
72
73
17
16
72
72
73
23
74
18
16
72
73
73
72
18
41
109
113
80
75
75
73
73
19
16
73
72
16
19
74
71
33
76
76
73
16
18
72
72
72
72
16
19
73
72
75
75
73
37
74
75
74
71
71
71
71
71
71
71
71
71
71
54
72
71
72
71
71
71
72
72
72
15
71
72
15
73
74
34
75
111
75
19
18
74
72
71
72
76
18
17
16
16
16
17
15
15
72
15
15
72
78
19
16
15
16
15
16
15
15
15
72
15
15
15
16
15
72
15
72
72
16
15
15
16
16
72
71
72
15
15
15
15
15
27
72
16
72
73
22
72
19
73
71
72
73
73
21
73
73
73
41
100
106
73
19
73
71
73
18
16
72
71
73
74
19
73
63
75
75
74
73
73
18
73
17
72
71
73
72
71
73
19
62
97
72
74
74
73
74
20
74
17
72
71
73
18
16
72
72
20
74
19
17
72
73
19
72
71
71
72
71
17
19
74
19
74
19
72
68
71
17
19
76
74
19
72
15
72
72
17
75
76
74
18
16
72
71
63
74
74
75
72
71
72
15
15
71
72
73
19
72
17
18
73
73
33
72
105
78
75
74
20
74
18
16
73
72
76
75
74
72
75
72
71
72
71
